237.50027
244.10988
173.72899
171.18858
170.83716
177.0148
175.49727
175.53203
176.5266
168.02827
182.57915
176.2967
170.51904
166.49872
184.85846
163.16367
171.91829
162.04633
177.619
174.67609
185.58676
170.14442
173.14902
179.09247
180.71138
177.62663
183.52739
174.90767
182.67989
177.19781
181.0126
162.73553
184.068
180.19167
171.87868
165.45201
174.67075
202.08064
173.39098
168.45912
180.39825
172.189
175.29097
173.9094
176.32536
177.51233
174.39893
180.4645
176.59595
170.23051
176.697
