166.62984
151.04085
158.00063
160.63275
153.02214
160.45352
161.16164
163.3291
155.25618
157.17072
160.2721
148.63754
153.88559
169.3071
142.59517
122.125
167.94536
167.28683
164.3078
160.6271
147.18921
146.23885
161.30403
161.80519
139.51863
152.26038
157.50618
161.03719
162.0794
162.59692
161.35725
158.78348
147.80183
157.06032
159.19606
155.06956
154.58589
161.20581
151.87944
152.83383
162.81293
157.85196
156.781
159.20856
162.99184
155.86
149.54091
175.44017
145.56413
124.56871
157.72748
