151.38255
172.04185
191.16583
187.83293
179.31203
193.28462
175.59026
170.5159
186.71999
183.42036
177.38623
189.86925
188.15672
177.65724
189.28584
175.80864
191.60393
179.03386
170.15956
169.75609
173.44241
189.63354
195.26717
203.10892
176.13713
175.64986
187.06255
185.68463
164.61926
167.47258
177.58775
180.1407
203.17697
150.1228
181.04613
199.21115
170.12201
174.44989
182.91074
179.59196
184.28772
178.18323
176.12112
184.43575
174.0517
192.40685
178.81558
168.7392
165.92007
172.55418
191.11473
