184.79
181.05746
173.84389
195.14995
178.5363
180.2351
175.01834
193.68025
154.60535
209.2402
176.18208
195.57436
176.2342
197.14853
178.79442
174.87933
195.4904
179.07823
186.07545
187.03435
178.10962
196.77603
185.1248
173.15974
183.94116
192.08939
177.60641
163.50203
177.28691
199.27443
174.60092
191.4257
169.89075
189.83423
176.91653
190.06268
183.78871
177.28236
190.5521
184.83554
175.33778
178.1417
212.41542
162.38127
193.71802
168.11458
209.27702
165.43001
205.93616
170.33617
191.73512
