248.06305
215.77846
154.00615
138.0697
141.08041
175.19127
188.82483
179.57468
184.08244
177.70859
193.01408
176.98584
177.37994
168.48819
196.19717
162.05606
193.34131
173.33052
191.18068
173.94707
188.31422
180.90187
180.33571
184.01123
174.95065
193.35274
168.22856
189.9938
177.75227
180.88509
172.9915
177.18187
174.44888
199.6627
171.32755
177.84842
168.15077
202.07594
172.9081
200.37018
169.24011
186.62532
183.10674
184.92136
181.73918
187.62302
179.65863
192.82329
175.9397
173.96918
174.78934
